# Z=1	: 0.173414
# Z=6	: 0.826586
#
#       PHOTON      SCATTERING      PHOTO-    PAIR PRODUCTION  TOTAL ATTENUATION
#       ENERGY   COHERENT INCOHER. ELECTRIC    IN       IN       WITH   WITHOUT
#                                 ABSORPTION NUCLEAR ELECTRON  COHERENT COHERENT
#                                             FIELD    FIELD    SCATT.   SCATT.
#         (MeV)    (cm2/g)   (cm2/g)   (cm2/g)   (cm2/g)   (cm2/g)   (cm2/g)   (cm2/g)
#
       1.000E-03 9.520E-01 1.917E-02 1.828E+03 0.000E+00 0.000E+00 1.829E+03 1.828E+03
       1.500E-03 8.441E-01 3.782E-02 5.784E+02 0.000E+00 0.000E+00 5.793E+02 5.785E+02
       2.000E-03 7.305E-01 5.759E-02 2.495E+02 0.000E+00 0.000E+00 2.503E+02 2.495E+02
       3.000E-03 5.351E-01 9.256E-02 7.413E+01 0.000E+00 0.000E+00 7.476E+01 7.422E+01
       4.000E-03 3.999E-01 1.183E-01 3.079E+01 0.000E+00 0.000E+00 3.131E+01 3.091E+01
       5.000E-03 3.110E-01 1.360E-01 1.543E+01 0.000E+00 0.000E+00 1.587E+01 1.556E+01
       6.000E-03 2.515E-01 1.483E-01 8.718E+00 0.000E+00 0.000E+00 9.118E+00 8.867E+00
       8.000E-03 1.796E-01 1.640E-01 3.507E+00 0.000E+00 0.000E+00 3.850E+00 3.671E+00
       1.000E-02 1.382E-01 1.739E-01 1.716E+00 0.000E+00 0.000E+00 2.028E+00 1.890E+00
       1.500E-02 8.291E-02 1.880E-01 4.618E-01 0.000E+00 0.000E+00 7.327E-01 6.498E-01
       2.000E-02 5.470E-02 1.947E-01 1.800E-01 0.000E+00 0.000E+00 4.294E-01 3.747E-01
       3.000E-02 2.834E-02 1.981E-01 4.717E-02 0.000E+00 0.000E+00 2.737E-01 2.453E-01
       4.000E-02 1.720E-02 1.963E-01 1.813E-02 0.000E+00 0.000E+00 2.316E-01 2.144E-01
       5.000E-02 1.152E-02 1.927E-01 8.618E-03 0.000E+00 0.000E+00 2.128E-01 2.013E-01
       6.000E-02 8.239E-03 1.885E-01 4.688E-03 0.000E+00 0.000E+00 2.015E-01 1.932E-01
       8.000E-02 4.795E-03 1.801E-01 1.794E-03 0.000E+00 0.000E+00 1.867E-01 1.819E-01
       1.000E-01 3.122E-03 1.722E-01 8.527E-04 0.000E+00 0.000E+00 1.762E-01 1.730E-01
       1.500E-01 1.414E-03 1.557E-01 2.237E-04 0.000E+00 0.000E+00 1.573E-01 1.559E-01
       2.000E-01 8.007E-04 1.429E-01 8.792E-05 0.000E+00 0.000E+00 1.437E-01 1.429E-01
       3.000E-01 3.578E-04 1.244E-01 2.464E-05 0.000E+00 0.000E+00 1.248E-01 1.244E-01
       4.000E-01 2.016E-04 1.115E-01 1.051E-05 0.000E+00 0.000E+00 1.117E-01 1.115E-01
       5.000E-01 1.291E-04 1.019E-01 5.654E-06 0.000E+00 0.000E+00 1.020E-01 1.019E-01
       6.000E-01 8.973E-05 9.424E-02 3.516E-06 0.000E+00 0.000E+00 9.434E-02 9.425E-02
       8.000E-01 5.048E-05 8.279E-02 1.773E-06 0.000E+00 0.000E+00 8.285E-02 8.280E-02
       1.000E+00 3.232E-05 7.445E-02 1.102E-06 0.000E+00 0.000E+00 7.449E-02 7.445E-02
       1.022E+00 3.094E-05 7.369E-02 1.016E-06 0.000E+00 0.000E+00 7.372E-02 7.369E-02
       1.250E+00 2.068E-05 6.658E-02 6.902E-07 1.270E-05 0.000E+00 6.661E-02 6.659E-02
       1.500E+00 1.437E-05 6.053E-02 5.012E-07 7.060E-05 0.000E+00 6.061E-02 6.060E-02
       2.000E+00 8.081E-06 5.164E-02 3.163E-07 2.816E-04 0.000E+00 5.193E-02 5.192E-02
       2.044E+00 7.736E-06 5.100E-02 3.061E-07 3.036E-04 0.000E+00 5.132E-02 5.131E-02
       3.000E+00 3.592E-06 4.063E-02 1.775E-07 8.066E-04 1.421E-05 4.145E-02 4.145E-02
       4.000E+00 2.020E-06 3.389E-02 1.222E-07 1.310E-03 5.803E-05 3.526E-02 3.526E-02
       5.000E+00 1.293E-06 2.927E-02 9.281E-08 1.758E-03 1.157E-04 3.114E-02 3.114E-02
       6.000E+00 8.981E-07 2.587E-02 7.470E-08 2.161E-03 1.776E-04 2.821E-02 2.821E-02
       7.000E+00 6.596E-07 2.325E-02 6.247E-08 2.521E-03 2.395E-04 2.601E-02 2.601E-02
       8.000E+00 5.052E-07 2.116E-02 5.364E-08 2.845E-03 2.995E-04 2.430E-02 2.430E-02
       9.000E+00 3.991E-07 1.945E-02 4.701E-08 3.139E-03 3.572E-04 2.295E-02 2.295E-02
       1.000E+01 3.233E-07 1.802E-02 4.183E-08 3.407E-03 4.121E-04 2.184E-02 2.184E-02
       1.100E+01 2.672E-07 1.681E-02 3.764E-08 3.650E-03 4.642E-04 2.092E-02 2.092E-02
       1.200E+01 2.245E-07 1.576E-02 3.423E-08 3.874E-03 5.135E-04 2.015E-02 2.015E-02
       1.300E+01 1.913E-07 1.485E-02 3.138E-08 4.082E-03 5.600E-04 1.949E-02 1.949E-02
       1.400E+01 1.649E-07 1.405E-02 2.897E-08 4.276E-03 6.047E-04 1.893E-02 1.893E-02
       1.500E+01 1.437E-07 1.334E-02 2.690E-08 4.456E-03 6.469E-04 1.844E-02 1.844E-02
       1.600E+01 1.263E-07 1.270E-02 2.511E-08 4.628E-03 6.870E-04 1.802E-02 1.802E-02
       1.800E+01 9.978E-08 1.161E-02 2.216E-08 4.939E-03 7.622E-04 1.731E-02 1.731E-02
       2.000E+01 8.081E-08 1.070E-02 1.982E-08 5.219E-03 8.308E-04 1.675E-02 1.675E-02
       2.200E+01 6.680E-08 9.945E-03 1.793E-08 5.476E-03 8.943E-04 1.632E-02 1.632E-02
       2.400E+01 5.612E-08 9.294E-03 1.637E-08 5.708E-03 9.530E-04 1.595E-02 1.595E-02
       2.600E+01 4.783E-08 8.725E-03 1.506E-08 5.921E-03 1.007E-03 1.565E-02 1.565E-02
       2.800E+01 4.124E-08 8.231E-03 1.394E-08 6.117E-03 1.058E-03 1.541E-02 1.541E-02
       3.000E+01 3.592E-08 7.791E-03 1.298E-08 6.299E-03 1.106E-03 1.520E-02 1.520E-02
       4.000E+01 2.020E-08 6.194E-03 9.646E-09 7.048E-03 1.307E-03 1.455E-02 1.455E-02
       5.000E+01 1.293E-08 5.170E-03 7.673E-09 7.611E-03 1.464E-03 1.425E-02 1.425E-02
       6.000E+01 8.981E-09 4.454E-03 6.371E-09 8.063E-03 1.592E-03 1.411E-02 1.411E-02
       8.000E+01 5.052E-09 3.513E-03 4.759E-09 8.746E-03 1.792E-03 1.405E-02 1.405E-02
       1.000E+02 3.232E-09 2.916E-03 3.795E-09 9.250E-03 1.945E-03 1.411E-02 1.411E-02
       1.500E+02 1.437E-09 2.076E-03 2.521E-09 1.010E-02 2.212E-03 1.439E-02 1.439E-02
       2.000E+02 8.081E-10 1.628E-03 1.887E-09 1.063E-02 2.390E-03 1.465E-02 1.465E-02
       3.000E+02 3.591E-10 1.154E-03 1.256E-09 1.128E-02 2.623E-03 1.506E-02 1.506E-02
       4.000E+02 2.020E-10 9.036E-04 9.410E-10 1.167E-02 2.771E-03 1.534E-02 1.534E-02
       5.000E+02 1.293E-10 7.480E-04 7.524E-10 1.193E-02 2.874E-03 1.555E-02 1.555E-02
       6.000E+02 8.977E-11 6.405E-04 6.268E-10 1.212E-02 2.953E-03 1.571E-02 1.571E-02
       8.000E+02 5.052E-11 5.002E-04 4.697E-10 1.237E-02 3.063E-03 1.593E-02 1.593E-02
       1.000E+03 3.232E-11 4.115E-04 3.758E-10 1.254E-02 3.137E-03 1.609E-02 1.609E-02
       1.500E+03 1.437E-11 2.874E-04 2.504E-10 1.278E-02 3.251E-03 1.632E-02 1.632E-02
       2.000E+03 8.081E-12 2.224E-04 1.878E-10 1.292E-02 3.316E-03 1.646E-02 1.646E-02
       3.000E+03 3.591E-12 1.546E-04 1.251E-10 1.307E-02 3.388E-03 1.661E-02 1.661E-02
       4.000E+03 2.020E-12 1.194E-04 9.385E-11 1.315E-02 3.430E-03 1.670E-02 1.670E-02
       5.000E+03 1.293E-12 9.763E-05 7.507E-11 1.320E-02 3.457E-03 1.676E-02 1.676E-02
       6.000E+03 8.977E-13 8.278E-05 6.255E-11 1.324E-02 3.476E-03 1.679E-02 1.679E-02
       8.000E+03 5.052E-13 6.376E-05 4.692E-11 1.329E-02 3.501E-03 1.685E-02 1.685E-02
       1.000E+04 3.232E-13 5.207E-05 3.754E-11 1.331E-02 3.517E-03 1.688E-02 1.688E-02
       1.500E+04 1.437E-13 3.598E-05 2.502E-11 1.335E-02 3.538E-03 1.693E-02 1.693E-02
       2.000E+04 8.081E-14 2.766E-05 1.877E-11 1.338E-02 3.550E-03 1.695E-02 1.695E-02
       3.000E+04 3.591E-14 1.908E-05 1.251E-11 1.340E-02 3.563E-03 1.698E-02 1.698E-02
       4.000E+04 2.020E-14 1.465E-05 9.385E-12 1.341E-02 3.571E-03 1.700E-02 1.700E-02
       5.000E+04 1.293E-14 1.193E-05 7.507E-12 1.342E-02 3.575E-03 1.700E-02 1.700E-02
       6.000E+04 8.977E-15 1.008E-05 6.255E-12 1.343E-02 3.579E-03 1.702E-02 1.702E-02
       8.000E+04 5.052E-15 7.732E-06 4.692E-12 1.343E-02 3.582E-03 1.702E-02 1.702E-02
       1.000E+05 3.232E-15 6.288E-06 3.754E-12 1.344E-02 3.584E-03 1.703E-02 1.703E-02
